1974632020041900620876
1974632020041500608330
1974632020041500608330
1974632020041500608330
1974632020041500608330
1974632020041500608330
1974632020041500608330
1974632020041500608330
1974632020041500608330
1974632020041300602991
1974632020041300602991
1974632020041300602991
1974632020041300602991
1974632020041300602891
1974632020041300602891
1974632020041300602891
1974632020041300602891
1974632020041300602891
1974632020041300602891
1974632020041300602871
1974632020041300602871
1974632020041300602635
1974632020041300602635
1974632020041300602635
1974632020041300602635
1974632020041300602635
1974632020041300602635
1974632020041300602635
1974632020041300602635
1974632020041300602635
1974632020041300602635
1974632020041300602635
1974632020041300602635
1974632020041300602635
1974632020041300602635
1974632020041300602635
1974632020041300602635
1974632020041300602635
1974632020041300602635
1974632020041300602635
1974632020041300602635
1974632020041300602635
1974632020041300602635
1974632020041300602635
1974632020041300602635
1974632020041300602635
1974632020041300602635
1974632020041300602635
1974632020041300602635
1974632020041300602635
1974632020041300602635
1974632020041300602635
1974632020041300602635
1974632020041300602632
1974632020041300602632
1974632020041300602632
1974632020041300602632
1974632020041300602561
1974632020041300602561
1974632020041300602561
1974632020041300602561
1974632020041300602455
1974632020041300602455
1974632020041300602339
1974632020041300602339
1974632020041300602339
1974632020041300602339
1974632020041300602339
1974632020041300602339
1974632020041300602279
1974632020041300602279
1974632020041300602279
1974632020041300602279
1974632020041300602140
1974632020041300602140
1974632020041300602140
1974632020041300602140
1974632020041300601841
1974632020041300601841
1974632020041300601818
1974632020041300601818
1974632020041300601818
1974632020041300601818
1974632020041300601818
1974632020041300601818
1974632020041300601818
1974632020041300601818
1974632020041300601811
1974632020041300601811
1974632020041300601811
1974632020041300601811
1974632020041300601811